17474 17485 17477 17479 -120.0 2.5
17509 17512 17514 17516  0.0 0.0
17608 17619 17611 17613 -120.0 2.5
17643 17646 17648 17650  0.0 0.0
17742 17753 17745 17747 -120.0 2.5
17777 17780 17782 17784  0.0 0.0
17876 17887 17879 17881 -120.0 2.5
17911 17914 17916 17918  0.0 0.0
18010 18021 18013 18015 -120.0 2.5
18045 18048 18050 18052  0.0 0.0
18144 18155 18147 18149 -120.0 2.5
18179 18182 18184 18186  0.0 0.0
18278 18289 18281 18283 -120.0 2.5
18313 18316 18318 18320  0.0 0.0
18412 18423 18415 18417 -120.0 2.5
18447 18450 18452 18454  0.0 0.0
18546 18557 18549 18551 -120.0 2.5
18581 18584 18586 18588  0.0 0.0
18680 18691 18683 18685 -120.0 2.5
18715 18718 18720 18722  0.0 0.0
18814 18825 18817 18819 -120.0 2.5
18849 18852 18854 18856  0.0 0.0
18948 18959 18951 18953 -120.0 2.5
18983 18986 18988 18990  0.0 0.0
19082 19093 19085 19087 -120.0 2.5
19117 19120 19122 19124  0.0 0.0
19216 19227 19219 19221 -120.0 2.5
19251 19254 19256 19258  0.0 0.0
19350 19361 19353 19355 -120.0 2.5
19385 19388 19390 19392  0.0 0.0
19484 19495 19487 19489 -120.0 2.5
19519 19522 19524 19526  0.0 0.0
19618 19629 19621 19623 -120.0 2.5
19653 19656 19658 19660  0.0 0.0
19752 19763 19755 19757 -120.0 2.5
19787 19790 19792 19794  0.0 0.0
19886 19897 19889 19891 -120.0 2.5
19921 19924 19926 19928  0.0 0.0
20020 20031 20023 20025 -120.0 2.5
20055 20058 20060 20062  0.0 0.0
20154 20165 20157 20159 -120.0 2.5
20189 20192 20194 20196  0.0 0.0
20288 20299 20291 20293 -120.0 2.5
20323 20326 20328 20330  0.0 0.0
20422 20433 20425 20427 -120.0 2.5
20457 20460 20462 20464  0.0 0.0
20556 20567 20559 20561 -120.0 2.5
20591 20594 20596 20598  0.0 0.0
20690 20701 20693 20695 -120.0 2.5
20725 20728 20730 20732  0.0 0.0
20824 20835 20827 20829 -120.0 2.5
20859 20862 20864 20866  0.0 0.0
20958 20969 20961 20963 -120.0 2.5
20993 20996 20998 21000  0.0 0.0
21092 21103 21095 21097 -120.0 2.5
21127 21130 21132 21134  0.0 0.0
21226 21237 21229 21231 -120.0 2.5
21261 21264 21266 21268  0.0 0.0
21360 21371 21363 21365 -120.0 2.5
21395 21398 21400 21402  0.0 0.0
21494 21505 21497 21499 -120.0 2.5
21529 21532 21534 21536  0.0 0.0
21628 21639 21631 21633 -120.0 2.5
21663 21666 21668 21670  0.0 0.0
21762 21773 21765 21767 -120.0 2.5
21797 21800 21802 21804  0.0 0.0
21896 21907 21899 21901 -120.0 2.5
21931 21934 21936 21938  0.0 0.0
22030 22041 22033 22035 -120.0 2.5
22065 22068 22070 22072  0.0 0.0
22164 22175 22167 22169 -120.0 2.5
22199 22202 22204 22206  0.0 0.0
22298 22309 22301 22303 -120.0 2.5
22333 22336 22338 22340  0.0 0.0
22432 22443 22435 22437 -120.0 2.5
22467 22470 22472 22474  0.0 0.0
22566 22577 22569 22571 -120.0 2.5
22601 22604 22606 22608  0.0 0.0
22700 22711 22703 22705 -120.0 2.5
22735 22738 22740 22742  0.0 0.0
22834 22845 22837 22839 -120.0 2.5
22869 22872 22874 22876  0.0 0.0
22968 22979 22971 22973 -120.0 2.5
23003 23006 23008 23010  0.0 0.0
23102 23113 23105 23107 -120.0 2.5
23137 23140 23142 23144  0.0 0.0
23236 23247 23239 23241 -120.0 2.5
23271 23274 23276 23278  0.0 0.0
23370 23381 23373 23375 -120.0 2.5
23405 23408 23410 23412  0.0 0.0
23504 23515 23507 23509 -120.0 2.5
23539 23542 23544 23546  0.0 0.0
23638 23649 23641 23643 -120.0 2.5
23673 23676 23678 23680  0.0 0.0
23772 23783 23775 23777 -120.0 2.5
23807 23810 23812 23814  0.0 0.0
23906 23917 23909 23911 -120.0 2.5
23941 23944 23946 23948  0.0 0.0
24040 24051 24043 24045 -120.0 2.5
24075 24078 24080 24082  0.0 0.0
24174 24185 24177 24179 -120.0 2.5
24209 24212 24214 24216  0.0 0.0
24308 24319 24311 24313 -120.0 2.5
24343 24346 24348 24350  0.0 0.0
24442 24453 24445 24447 -120.0 2.5
24477 24480 24482 24484  0.0 0.0
24576 24587 24579 24581 -120.0 2.5
24611 24614 24616 24618  0.0 0.0
24710 24721 24713 24715 -120.0 2.5
24745 24748 24750 24752  0.0 0.0
24844 24855 24847 24849 -120.0 2.5
24879 24882 24884 24886  0.0 0.0
24978 24989 24981 24983 -120.0 2.5
25013 25016 25018 25020  0.0 0.0
25112 25123 25115 25117 -120.0 2.5
25147 25150 25152 25154  0.0 0.0
25246 25257 25249 25251 -120.0 2.5
25281 25284 25286 25288  0.0 0.0
25380 25391 25383 25385 -120.0 2.5
25415 25418 25420 25422  0.0 0.0
25514 25525 25517 25519 -120.0 2.5
25549 25552 25554 25556  0.0 0.0
25648 25659 25651 25653 -120.0 2.5
25683 25686 25688 25690  0.0 0.0
25782 25793 25785 25787 -120.0 2.5
25817 25820 25822 25824  0.0 0.0
25916 25927 25919 25921 -120.0 2.5
25951 25954 25956 25958  0.0 0.0
26050 26061 26053 26055 -120.0 2.5
26085 26088 26090 26092  0.0 0.0
26184 26195 26187 26189 -120.0 2.5
26219 26222 26224 26226  0.0 0.0
26318 26329 26321 26323 -120.0 2.5
26353 26356 26358 26360  0.0 0.0
26452 26463 26455 26457 -120.0 2.5
26487 26490 26492 26494  0.0 0.0
26586 26597 26589 26591 -120.0 2.5
26621 26624 26626 26628  0.0 0.0
26720 26731 26723 26725 -120.0 2.5
26755 26758 26760 26762  0.0 0.0
26854 26865 26857 26859 -120.0 2.5
26889 26892 26894 26896  0.0 0.0
26988 26999 26991 26993 -120.0 2.5
27023 27026 27028 27030  0.0 0.0
27122 27133 27125 27127 -120.0 2.5
27157 27160 27162 27164  0.0 0.0
27256 27267 27259 27261 -120.0 2.5
27291 27294 27296 27298  0.0 0.0
27390 27401 27393 27395 -120.0 2.5
27425 27428 27430 27432  0.0 0.0
27524 27535 27527 27529 -120.0 2.5
27559 27562 27564 27566  0.0 0.0
27658 27669 27661 27663 -120.0 2.5
27693 27696 27698 27700  0.0 0.0
27792 27803 27795 27797 -120.0 2.5
27827 27830 27832 27834  0.0 0.0
27926 27937 27929 27931 -120.0 2.5
27961 27964 27966 27968  0.0 0.0
28060 28071 28063 28065 -120.0 2.5
28095 28098 28100 28102  0.0 0.0
28194 28205 28197 28199 -120.0 2.5
28229 28232 28234 28236  0.0 0.0
28328 28339 28331 28333 -120.0 2.5
28363 28366 28368 28370  0.0 0.0
28462 28473 28465 28467 -120.0 2.5
28497 28500 28502 28504  0.0 0.0
28596 28607 28599 28601 -120.0 2.5
28631 28634 28636 28638  0.0 0.0
28730 28741 28733 28735 -120.0 2.5
28765 28768 28770 28772  0.0 0.0
28864 28875 28867 28869 -120.0 2.5
28899 28902 28904 28906  0.0 0.0
28998 29009 29001 29003 -120.0 2.5
29033 29036 29038 29040  0.0 0.0
29132 29143 29135 29137 -120.0 2.5
29167 29170 29172 29174  0.0 0.0
29266 29277 29269 29271 -120.0 2.5
29301 29304 29306 29308  0.0 0.0
29400 29411 29403 29405 -120.0 2.5
29435 29438 29440 29442  0.0 0.0
29534 29545 29537 29539 -120.0 2.5
29569 29572 29574 29576  0.0 0.0
29668 29679 29671 29673 -120.0 2.5
29703 29706 29708 29710  0.0 0.0
29802 29813 29805 29807 -120.0 2.5
29837 29840 29842 29844  0.0 0.0
29936 29947 29939 29941 -120.0 2.5
29971 29974 29976 29978  0.0 0.0
30070 30081 30073 30075 -120.0 2.5
30105 30108 30110 30112  0.0 0.0
30204 30215 30207 30209 -120.0 2.5
30239 30242 30244 30246  0.0 0.0
30338 30349 30341 30343 -120.0 2.5
30373 30376 30378 30380  0.0 0.0
30472 30483 30475 30477 -120.0 2.5
30507 30510 30512 30514  0.0 0.0
30606 30617 30609 30611 -120.0 2.5
30641 30644 30646 30648  0.0 0.0
30740 30751 30743 30745 -120.0 2.5
30775 30778 30780 30782  0.0 0.0
30874 30885 30877 30879 -120.0 2.5
30909 30912 30914 30916  0.0 0.0
31008 31019 31011 31013 -120.0 2.5
31043 31046 31048 31050  0.0 0.0
31142 31153 31145 31147 -120.0 2.5
31177 31180 31182 31184  0.0 0.0
31276 31287 31279 31281 -120.0 2.5
31311 31314 31316 31318  0.0 0.0
31410 31421 31413 31415 -120.0 2.5
31445 31448 31450 31452  0.0 0.0
31544 31555 31547 31549 -120.0 2.5
31579 31582 31584 31586  0.0 0.0
31678 31689 31681 31683 -120.0 2.5
31713 31716 31718 31720  0.0 0.0
31812 31823 31815 31817 -120.0 2.5
31847 31850 31852 31854  0.0 0.0
31946 31957 31949 31951 -120.0 2.5
31981 31984 31986 31988  0.0 0.0
32080 32091 32083 32085 -120.0 2.5
32115 32118 32120 32122  0.0 0.0
32214 32225 32217 32219 -120.0 2.5
32249 32252 32254 32256  0.0 0.0
32348 32359 32351 32353 -120.0 2.5
32383 32386 32388 32390  0.0 0.0
32482 32493 32485 32487 -120.0 2.5
32517 32520 32522 32524  0.0 0.0
32616 32627 32619 32621 -120.0 2.5
32651 32654 32656 32658  0.0 0.0
32750 32761 32753 32755 -120.0 2.5
32785 32788 32790 32792  0.0 0.0
32884 32895 32887 32889 -120.0 2.5
32919 32922 32924 32926  0.0 0.0
33018 33029 33021 33023 -120.0 2.5
33053 33056 33058 33060  0.0 0.0
33152 33163 33155 33157 -120.0 2.5
33187 33190 33192 33194  0.0 0.0
33286 33297 33289 33291 -120.0 2.5
33321 33324 33326 33328  0.0 0.0
33420 33431 33423 33425 -120.0 2.5
33455 33458 33460 33462  0.0 0.0
33554 33565 33557 33559 -120.0 2.5
33589 33592 33594 33596  0.0 0.0
33688 33699 33691 33693 -120.0 2.5
33723 33726 33728 33730  0.0 0.0
33822 33833 33825 33827 -120.0 2.5
33857 33860 33862 33864  0.0 0.0
36324 36335 36327 36329 -120.0 2.5
36359 36362 36364 36366  0.0 0.0
36458 36469 36461 36463 -120.0 2.5
36493 36496 36498 36500  0.0 0.0
36592 36603 36595 36597 -120.0 2.5
36627 36630 36632 36634  0.0 0.0
36726 36737 36729 36731 -120.0 2.5
36761 36764 36766 36768  0.0 0.0
36860 36871 36863 36865 -120.0 2.5
36895 36898 36900 36902  0.0 0.0
36994 37005 36997 36999 -120.0 2.5
37029 37032 37034 37036  0.0 0.0
37128 37139 37131 37133 -120.0 2.5
37163 37166 37168 37170  0.0 0.0
37262 37273 37265 37267 -120.0 2.5
37297 37300 37302 37304  0.0 0.0
37396 37407 37399 37401 -120.0 2.5
37431 37434 37436 37438  0.0 0.0
37530 37541 37533 37535 -120.0 2.5
37565 37568 37570 37572  0.0 0.0
37664 37675 37667 37669 -120.0 2.5
37699 37702 37704 37706  0.0 0.0
37798 37809 37801 37803 -120.0 2.5
37833 37836 37838 37840  0.0 0.0
37932 37943 37935 37937 -120.0 2.5
37967 37970 37972 37974  0.0 0.0
38066 38077 38069 38071 -120.0 2.5
38101 38104 38106 38108  0.0 0.0
38200 38211 38203 38205 -120.0 2.5
38235 38238 38240 38242  0.0 0.0
38334 38345 38337 38339 -120.0 2.5
38369 38372 38374 38376  0.0 0.0
38468 38479 38471 38473 -120.0 2.5
38503 38506 38508 38510  0.0 0.0
38602 38613 38605 38607 -120.0 2.5
38637 38640 38642 38644  0.0 0.0
38736 38747 38739 38741 -120.0 2.5
38771 38774 38776 38778  0.0 0.0
38870 38881 38873 38875 -120.0 2.5
38905 38908 38910 38912  0.0 0.0
39004 39015 39007 39009 -120.0 2.5
39039 39042 39044 39046  0.0 0.0
39138 39149 39141 39143 -120.0 2.5
39173 39176 39178 39180  0.0 0.0
39272 39283 39275 39277 -120.0 2.5
39307 39310 39312 39314  0.0 0.0
39406 39417 39409 39411 -120.0 2.5
39441 39444 39446 39448  0.0 0.0
39540 39551 39543 39545 -120.0 2.5
39575 39578 39580 39582  0.0 0.0
39674 39685 39677 39679 -120.0 2.5
39709 39712 39714 39716  0.0 0.0
39808 39819 39811 39813 -120.0 2.5
39843 39846 39848 39850  0.0 0.0
39942 39953 39945 39947 -120.0 2.5
39977 39980 39982 39984  0.0 0.0
40076 40087 40079 40081 -120.0 2.5
40111 40114 40116 40118  0.0 0.0
40210 40221 40213 40215 -120.0 2.5
40245 40248 40250 40252  0.0 0.0
40344 40355 40347 40349 -120.0 2.5
40379 40382 40384 40386  0.0 0.0
40478 40489 40481 40483 -120.0 2.5
40513 40516 40518 40520  0.0 0.0
40612 40623 40615 40617 -120.0 2.5
40647 40650 40652 40654  0.0 0.0
40746 40757 40749 40751 -120.0 2.5
40781 40784 40786 40788  0.0 0.0
40880 40891 40883 40885 -120.0 2.5
40915 40918 40920 40922  0.0 0.0
41014 41025 41017 41019 -120.0 2.5
41049 41052 41054 41056  0.0 0.0
41148 41159 41151 41153 -120.0 2.5
41183 41186 41188 41190  0.0 0.0
41282 41293 41285 41287 -120.0 2.5
41317 41320 41322 41324  0.0 0.0
41416 41427 41419 41421 -120.0 2.5
41451 41454 41456 41458  0.0 0.0
41550 41561 41553 41555 -120.0 2.5
41585 41588 41590 41592  0.0 0.0
41684 41695 41687 41689 -120.0 2.5
41719 41722 41724 41726  0.0 0.0
41818 41829 41821 41823 -120.0 2.5
41853 41856 41858 41860  0.0 0.0
41952 41963 41955 41957 -120.0 2.5
41987 41990 41992 41994  0.0 0.0
42086 42097 42089 42091 -120.0 2.5
42121 42124 42126 42128  0.0 0.0
42220 42231 42223 42225 -120.0 2.5
42255 42258 42260 42262  0.0 0.0
42354 42365 42357 42359 -120.0 2.5
42389 42392 42394 42396  0.0 0.0
42488 42499 42491 42493 -120.0 2.5
42523 42526 42528 42530  0.0 0.0
42622 42633 42625 42627 -120.0 2.5
42657 42660 42662 42664  0.0 0.0
42756 42767 42759 42761 -120.0 2.5
42791 42794 42796 42798  0.0 0.0
42890 42901 42893 42895 -120.0 2.5
42925 42928 42930 42932  0.0 0.0
43024 43035 43027 43029 -120.0 2.5
43059 43062 43064 43066  0.0 0.0
43158 43169 43161 43163 -120.0 2.5
43193 43196 43198 43200  0.0 0.0
43292 43303 43295 43297 -120.0 2.5
43327 43330 43332 43334  0.0 0.0
43426 43437 43429 43431 -120.0 2.5
43461 43464 43466 43468  0.0 0.0
43560 43571 43563 43565 -120.0 2.5
43595 43598 43600 43602  0.0 0.0
43694 43705 43697 43699 -120.0 2.5
43729 43732 43734 43736  0.0 0.0
43828 43839 43831 43833 -120.0 2.5
43863 43866 43868 43870  0.0 0.0
43962 43973 43965 43967 -120.0 2.5
43997 44000 44002 44004  0.0 0.0
44096 44107 44099 44101 -120.0 2.5
44131 44134 44136 44138  0.0 0.0
44230 44241 44233 44235 -120.0 2.5
44265 44268 44270 44272  0.0 0.0
44364 44375 44367 44369 -120.0 2.5
44399 44402 44404 44406  0.0 0.0
44498 44509 44501 44503 -120.0 2.5
44533 44536 44538 44540  0.0 0.0
44632 44643 44635 44637 -120.0 2.5
44667 44670 44672 44674  0.0 0.0
44766 44777 44769 44771 -120.0 2.5
44801 44804 44806 44808  0.0 0.0
44900 44911 44903 44905 -120.0 2.5
44935 44938 44940 44942  0.0 0.0
45034 45045 45037 45039 -120.0 2.5
45069 45072 45074 45076  0.0 0.0
45168 45179 45171 45173 -120.0 2.5
45203 45206 45208 45210  0.0 0.0
45302 45313 45305 45307 -120.0 2.5
45337 45340 45342 45344  0.0 0.0
45436 45447 45439 45441 -120.0 2.5
45471 45474 45476 45478  0.0 0.0
45570 45581 45573 45575 -120.0 2.5
45605 45608 45610 45612  0.0 0.0
45704 45715 45707 45709 -120.0 2.5
45739 45742 45744 45746  0.0 0.0
45838 45849 45841 45843 -120.0 2.5
45873 45876 45878 45880  0.0 0.0
45972 45983 45975 45977 -120.0 2.5
46007 46010 46012 46014  0.0 0.0
46106 46117 46109 46111 -120.0 2.5
46141 46144 46146 46148  0.0 0.0
46240 46251 46243 46245 -120.0 2.5
46275 46278 46280 46282  0.0 0.0
46374 46385 46377 46379 -120.0 2.5
46409 46412 46414 46416  0.0 0.0
46508 46519 46511 46513 -120.0 2.5
46543 46546 46548 46550  0.0 0.0
46642 46653 46645 46647 -120.0 2.5
46677 46680 46682 46684  0.0 0.0
46776 46787 46779 46781 -120.0 2.5
46811 46814 46816 46818  0.0 0.0
46910 46921 46913 46915 -120.0 2.5
46945 46948 46950 46952  0.0 0.0
47044 47055 47047 47049 -120.0 2.5
47079 47082 47084 47086  0.0 0.0
47178 47189 47181 47183 -120.0 2.5
47213 47216 47218 47220  0.0 0.0
47312 47323 47315 47317 -120.0 2.5
47347 47350 47352 47354  0.0 0.0
47446 47457 47449 47451 -120.0 2.5
47481 47484 47486 47488  0.0 0.0
47580 47591 47583 47585 -120.0 2.5
47615 47618 47620 47622  0.0 0.0
47714 47725 47717 47719 -120.0 2.5
47749 47752 47754 47756  0.0 0.0
47848 47859 47851 47853 -120.0 2.5
47883 47886 47888 47890  0.0 0.0
47982 47993 47985 47987 -120.0 2.5
48017 48020 48022 48024  0.0 0.0
48116 48127 48119 48121 -120.0 2.5
48151 48154 48156 48158  0.0 0.0
48250 48261 48253 48255 -120.0 2.5
48285 48288 48290 48292  0.0 0.0
48384 48395 48387 48389 -120.0 2.5
48419 48422 48424 48426  0.0 0.0
48518 48529 48521 48523 -120.0 2.5
48553 48556 48558 48560  0.0 0.0
48652 48663 48655 48657 -120.0 2.5
48687 48690 48692 48694  0.0 0.0
48786 48797 48789 48791 -120.0 2.5
48821 48824 48826 48828  0.0 0.0
48920 48931 48923 48925 -120.0 2.5
48955 48958 48960 48962  0.0 0.0
49054 49065 49057 49059 -120.0 2.5
49089 49092 49094 49096  0.0 0.0
49188 49199 49191 49193 -120.0 2.5
49223 49226 49228 49230  0.0 0.0
49322 49333 49325 49327 -120.0 2.5
49357 49360 49362 49364  0.0 0.0
49456 49467 49459 49461 -120.0 2.5
49491 49494 49496 49498  0.0 0.0
49590 49601 49593 49595 -120.0 2.5
49625 49628 49630 49632  0.0 0.0
49724 49735 49727 49729 -120.0 2.5
49759 49762 49764 49766  0.0 0.0
49858 49869 49861 49863 -120.0 2.5
49893 49896 49898 49900  0.0 0.0
49992 50003 49995 49997 -120.0 2.5
50027 50030 50032 50034  0.0 0.0
50126 50137 50129 50131 -120.0 2.5
50161 50164 50166 50168  0.0 0.0
50260 50271 50263 50265 -120.0 2.5
50295 50298 50300 50302  0.0 0.0
50394 50405 50397 50399 -120.0 2.5
50429 50432 50434 50436  0.0 0.0
50528 50539 50531 50533 -120.0 2.5
50563 50566 50568 50570  0.0 0.0
50662 50673 50665 50667 -120.0 2.5
50697 50700 50702 50704  0.0 0.0
50796 50807 50799 50801 -120.0 2.5
50831 50834 50836 50838  0.0 0.0
50930 50941 50933 50935 -120.0 2.5
50965 50968 50970 50972  0.0 0.0
51064 51075 51067 51069 -120.0 2.5
51099 51102 51104 51106  0.0 0.0
51198 51209 51201 51203 -120.0 2.5
51233 51236 51238 51240  0.0 0.0
51332 51343 51335 51337 -120.0 2.5
51367 51370 51372 51374  0.0 0.0
51466 51477 51469 51471 -120.0 2.5
51501 51504 51506 51508  0.0 0.0
51600 51611 51603 51605 -120.0 2.5
51635 51638 51640 51642  0.0 0.0
51734 51745 51737 51739 -120.0 2.5
51769 51772 51774 51776  0.0 0.0
51868 51879 51871 51873 -120.0 2.5
51903 51906 51908 51910  0.0 0.0
52002 52013 52005 52007 -120.0 2.5
52037 52040 52042 52044  0.0 0.0
52136 52147 52139 52141 -120.0 2.5
52171 52174 52176 52178  0.0 0.0
52270 52281 52273 52275 -120.0 2.5
52305 52308 52310 52312  0.0 0.0
52404 52415 52407 52409 -120.0 2.5
52439 52442 52444 52446  0.0 0.0
52538 52549 52541 52543 -120.0 2.5
52573 52576 52578 52580  0.0 0.0
52672 52683 52675 52677 -120.0 2.5
52707 52710 52712 52714  0.0 0.0
52806 52817 52809 52811 -120.0 2.5
52841 52844 52846 52848  0.0 0.0
52940 52951 52943 52945 -120.0 2.5
52975 52978 52980 52982  0.0 0.0
53074 53085 53077 53079 -120.0 2.5
53109 53112 53114 53116  0.0 0.0
