15158
15232
15306
15380
15454
15528
15602
15676
15750
15824
15898
15972
16046
16120
16194
16268
16342
16416
16490
16564
16638
16712
16786
16860
16934
17008
17082
17156
17230
17304
17378
17469
17603
17737
17871
18005
18139
18273
18407
18541
18675
18809
18943
19077
19211
19345
19479
19613
19747
19881
20015
20149
20283
20417
20551
20685
20819
20953
21087
21221
21355
21489
21623
21757
21891
22025
22159
22293
22427
22561
22695
22829
22963
23097
23231
23365
23499
23633
23767
23901
24035
24169
24303
24437
24571
24705
24839
24973
25107
25241
25375
25509
25643
25777
25911
26045
26179
26313
26447
26581
26715
26849
26983
27117
27251
27385
27519
27653
27787
27921
28055
28189
28323
28457
28591
28725
28859
28993
29127
29261
29395
29529
29663
29797
29931
30065
30199
30333
30467
30601
30735
30869
31003
31137
31271
31405
31539
31673
31807
31941
32075
32209
32343
32477
32611
32745
32879
33013
33147
33281
33415
33549
33683
33817
33934
34008
34082
34156
34230
34304
34378
34452
34526
34600
34674
34748
34822
34896
34970
35044
35118
35192
35266
35340
35414
35488
35562
35636
35710
35784
35858
35932
36006
36080
36154
36228
36319
36453
36587
36721
36855
36989
37123
37257
37391
37525
37659
37793
37927
38061
38195
38329
38463
38597
38731
38865
38999
39133
39267
39401
39535
39669
39803
39937
40071
40205
40339
40473
40607
40741
40875
41009
41143
41277
41411
41545
41679
41813
41947
42081
42215
42349
42483
42617
42751
42885
43019
43153
43287
43421
43555
43689
43823
43957
44091
44225
44359
44493
44627
44761
44895
45029
45163
45297
45431
45565
45699
45833
45967
46101
46235
46369
46503
46637
46771
46905
47039
47173
47307
47441
47575
47709
47843
47977
48111
48245
48379
48513
48647
48781
48915
49049
49183
49317
49451
49585
49719
49853
49987
50121
50255
50389
50523
50657
50791
50925
51059
51193
51327
51461
51595
51729
51863
51997
52131
52265
52399
52533
52667
52801
52935
53069
